
362	670	568	103	239	267	855	932	916	846	
722	325	76	392	909	31	680	823	494	452	
691	466	694	869	292	912	710	253	676	697	
708	389	367	627	844	957	245	698	889	160	
896	962	485	971	705	745	2	737	567	847	
188	609	312	233	829	956	144	539	208	171	
587	267	559	305	246	754	262	490	452	502	
2	347	815	838	669	519	582	22	607	501	
869	146	461	180	378	290	135	873	180	695	
43	766	961	954	423	558	707	36	400	510	
537	401	208	351	590	229	221	523	250	180	
375	118	325	836	650	703	477	136	575	8	
830	970	125	143	275	547	700	981	582	451	
843	470	851	50	820	792	278	393	315	880	
572	41	997	896	876	998	950	704	134	877	
711	315	198	836	809	472	734	509	804	316	
311	646	785	162	48	957	305	325	701	971	
556	272	12	905	519	239	902	469	943	387	
697	5	702	894	840	510	365	926	370	168	
241	33	166	377	194	213	685	850	889	385	
821	445	656	832	349	527	70	250	347	364	
989	43	369	42	936	560	903	652	485	625	
171	77	657	336	454	202	548	490	51	437	
875	871	233	882	54	581	408	476	182	754	
839	170	796	207	563	83	767	466	734	603	-999
