
1	
5	14	14	27	39	53	53	58	61	67	
76	85	99	109	117	122	123	140	149	163	
163	176	191	192	218	220	220	234	237	247	
258	270	278	299	305	314	318	326	345	354	
368	381	388	407	415	440	452	456	465	474	
500	511	515	518	530	531	535	539	541	556	
568	575	580	583	587	592	594	608	609	621	
632	636	637	644	648	665	687	688	718	723	
727	730	735	735	737	739	743	769	772	786	
790	790	800	811	814	825	840	841	852	855	
871	875	876	881	893	894	895	905	918	926	
934	937	938	944	946	970	971	972	972	976	
976	986	989	-999	

